TeamID,Time,Packet,Altitude,Pressure,Airspeed,Temperature,Voltage,Latitude,Longitude,GPSAlt,Satellites,GPSSpeed,ImageTime,ImageCount,State

3640,6000,5,-0.45,954.52,0.00,80.59,5.625,0.00,0.00,0.00,0,0.00,0,0,0111
3640,8000,7,-0.29,954.50,0.00,80.69,5.613,0.00,0.00,0.00,0,0.00,0,0,0111
3640,9003,8,0.07,954.46,0.00,80.72,5.584,0.00,0.00,0.00,0,0.00,0,0,0111
3640,10000,9,-0.29,954.50,0.00,80.78,5.625,0.00,0.00,0.00,0,0.00,0,0,0111
3640,12002,11,-0.26,954.50,0.00,80.87,5.590,0.00,0.00,0.00,0,0.00,0,0,0111
3640,14001,13,0.00,954.47,0.00,80.36,5.619,0.00,0.00,0.00,0,0.00,0,0,0111
3640,15000,14,0.00,954.47,0.00,80.36,5.613,0.00,0.00,0.00,0,0.00,0,0,0111
3640,16000,15,0.00,954.47,0.00,80.36,5.607,0.00,0.00,0.00,0,0.00,0,0,0111
3640,17000,16,-0.13,954.48,0.00,81.09,5.572,0.00,0.00,0.00,0,0.00,0,0,0111
3640,18001,17,-0.38,954.51,0.00,81.13,5.578,0.00,0.00,0.00,0,0.00,0,0,0111
3640,20000,19,-0.02,954.47,0.00,81.22,5.566,0.00,0.00,0.00,0,0.00,0,0,0111
3640,21001,20,-0.06,954.47,0.00,81.26,5.555,0.00,0.00,0.00,0,0.00,0,0,0111
3640,22001,21,-0.02,954.47,0.00,81.30,5.561,0.00,0.00,0.00,0,0.00,0,0,0111
3640,23000,22,-0.44,954.52,0.00,81.34,5.578,0.00,0.00,0.00,0,0.00,0,0,0111
3640,24001,23,-0.23,954.50,0.00,81.38,5.602,0.00,0.00,0.00,0,0.00,0,0,0111
3640,26000,25,-0.20,954.49,0.00,81.47,5.578,0.00,0.00,0.00,0,0.00,0,0,0000
3640,28001,27,-0.64,954.54,0.00,81.57,5.590,0.00,0.00,0.00,0,0.00,0,0,0000
3640,28999,28,0.00,954.47,0.00,80.36,5.543,0.00,0.00,0.00,0,0.00,0,0,0000
3640,30001,29,-0.64,954.54,0.00,81.65,5.590,0.00,0.00,0.00,0,0.00,0,0,0000
3640,31001,30,-0.37,954.51,0.00,81.69,5.566,0.00,0.00,0.00,0,0.00,0,0,0000
3640,32001,31,-0.11,954.48,0.00,81.74,5.578,0.00,0.00,0.00,0,0.00,0,0,0000
3640,33001,32,-0.32,954.50,0.00,81.76,5.549,0.00,0.00,0.00,0,0.00,0,0,0000
3640,34001,33,-0.50,954.53,0.00,81.80,5.578,0.00,0.00,0.00,0,0.00,0,0,0000
3640,36002,35,-0.70,954.55,0.00,81.88,5.561,0.00,0.00,0.00,0,0.00,0,0,0000
3640,37001,36,-0.31,954.50,0.00,81.93,5.555,0.00,0.00,0.00,0,0.00,0,0,0000
3640,38000,37,-0.55,954.53,0.00,81.96,5.537,0.00,0.00,0.00,0,0.00,0,0,0000
3640,39001,38,-0.39,954.51,0.00,82.00,5.584,0.00,0.00,0.00,0,0.00,0,0,0000
3640,40000,39,-0.32,954.50,0.00,82.04,5.537,0.00,0.00,0.00,0,0.00,0,0,0000
3640,41000,40,0.00,954.47,0.00,80.36,5.566,0.00,0.00,0.00,0,0.00,0,0,0000
3640,42000,41,-0.82,954.56,0.00,82.12,5.561,0.00,0.00,0.00,0,0.00,0,0,0000
3640,6002,5,0.43,954.49,0.00,82.59,5.596,0.00,0.00,0.00,0,0.00,0,0,0000
3640,7002,6,0.01,954.54,0.00,82.64,5.584,0.00,0.00,0.00,0,0.00,0,0,0000
3640,8001,7,0.21,954.51,0.00,82.67,5.590,0.00,0.00,0.00,0,0.00,0,0,0000
3640,10001,9,0.07,954.53,0.00,82.75,5.602,0.00,0.00,0.00,0,0.00,0,0,0000
3640,11001,10,-0.01,954.54,0.00,82.78,5.602,0.00,0.00,0.00,0,0.00,0,0,0000
3640,12001,11,0.23,954.51,0.00,82.82,5.596,0.00,0.00,0.00,0,0.00,0,0,0000
3640,13001,12,-0.32,954.57,0.00,82.86,5.602,0.00,0.00,0.00,0,0.00,0,0,0000
3640,14000,13,0.13,954.52,0.00,82.89,5.578,0.00,0.00,0.00,0,0.00,0,0,0000
3640,15001,14,-0.26,954.57,0.00,82.93,5.596,0.00,0.00,0.00,0,0.00,0,0,0000
3640,16001,15,-0.42,954.58,0.00,82.99,5.584,0.00,0.00,0.00,0,0.00,0,0,0000
3640,18001,17,-0.10,954.55,0.00,83.05,5.590,0.00,0.00,0.00,0,0.00,0,0,0000
3640,20000,19,-0.33,954.57,0.00,83.12,5.578,0.00,0.00,0.00,0,0.00,0,0,0100
3640,21001,20,0.05,954.53,0.00,83.16,5.449,0.00,0.00,0.00,0,0.00,0,0,0100
3640,22001,21,-0.17,954.56,0.00,83.20,5.549,0.00,0.00,0.00,0,0.00,0,0,0100
3640,23000,22,-0.14,954.55,0.00,83.24,5.490,0.00,0.00,0.00,0,0.00,0,0,0100
3640,24000,23,-0.09,954.55,0.00,83.27,5.438,0.00,0.00,0.00,0,0.00,0,0,0100
3640,26001,25,0.00,954.54,0.00,82.41,5.473,0.00,0.00,0.00,0,0.00,0,0,0100
3640,27002,26,-0.29,954.57,0.00,83.38,5.461,0.00,0.00,0.00,0,0.00,0,0,0100
3640,28000,27,-0.21,954.56,0.00,83.42,5.561,0.00,0.00,0.00,0,0.00,0,0,0100
3640,29000,28,0.02,954.53,0.00,83.45,5.543,0.00,0.00,0.00,0,0.00,0,0,0100
3640,30000,29,-0.21,954.56,0.00,83.49,5.566,0.00,0.00,0.00,0,0.00,0,0,0100
3640,31001,30,-0.21,954.56,0.00,83.53,5.520,0.00,0.00,0.00,0,0.00,0,0,0100
3640,32002,31,-0.24,954.56,0.00,83.57,5.543,0.00,0.00,0.00,0,0.00,0,0,0100
3640,34000,33,-0.10,954.55,0.00,83.64,5.443,0.00,0.00,0.00,0,0.00,0,0,0100
3640,35000,34,-0.01,954.54,0.00,83.68,5.555,0.00,0.00,0.00,0,0.00,0,0,0100
3640,36001,35,0.14,954.52,0.00,83.71,5.455,0.00,0.00,0.00,0,0.00,0,0,0100
3640,37002,36,0.00,954.54,0.00,82.41,5.525,0.00,0.00,0.00,0,0.00,0,0,0100
3640,38001,37,-0.06,954.54,0.00,83.80,5.525,0.00,0.00,0.00,0,0.00,0,0,0100
3640,39000,38,-0.03,954.54,0.00,83.83,5.449,0.00,0.00,0.00,0,0.00,0,0,0100
3640,41000,40,0.32,954.50,0.00,83.91,5.543,0.00,0.00,0.00,0,0.00,0,0,0100
3640,42000,41,-0.01,954.54,0.00,83.94,5.525,0.00,0.00,0.00,0,0.00,0,0,0100
3640,43001,42,0.02,954.53,0.00,83.98,5.426,0.00,0.00,0.00,0,0.00,0,0,0100
3640,44001,43,-0.09,954.55,0.00,84.02,5.502,0.00,0.00,0.00,0,0.00,0,0,0100
3640,45001,44,0.14,954.52,0.00,84.07,5.443,0.00,0.00,0.00,0,0.00,0,0,0100
3640,46000,45,0.37,954.49,0.00,84.10,5.531,0.00,0.00,0.00,0,0.00,0,0,0100
3640,47001,46,-0.11,954.55,0.00,84.14,5.449,0.00,0.00,0.00,0,0.00,0,0,0100
3640,48999,48,0.29,954.50,0.00,84.22,5.443,0.00,0.00,0.00,0,0.00,0,0,0100
3640,50000,49,-0.11,954.55,0.00,84.26,5.508,0.00,0.00,0.00,0,0.00,0,0,0100
3640,51001,50,-0.06,954.54,0.00,84.30,5.531,0.00,0.00,0.00,0,0.00,0,0,0100
3640,51999,51,-0.20,954.56,0.00,84.34,5.520,0.00,0.00,0.00,0,0.00,0,0,0100
3640,53000,52,-0.10,954.55,0.00,84.38,5.520,0.00,0.00,0.00,0,0.00,0,0,0100
3640,54000,53,0.22,954.51,0.00,84.42,5.449,0.00,0.00,0.00,0,0.00,0,0,0100
3640,56000,55,0.34,954.50,0.00,84.50,5.520,0.00,0.00,0.00,0,0.00,0,0,0100
3640,58001,57,0.00,954.54,0.00,82.41,5.502,0.00,0.00,0.00,0,0.00,0,0,0100
3640,59001,58,-0.20,954.56,0.00,84.62,5.408,0.00,0.00,0.00,0,0.00,0,0,0100
3640,59999,59,0.28,954.50,0.00,84.66,5.408,0.00,0.00,0.00,0,0.00,0,0,0100
3640,61002,60,0.29,954.50,0.00,84.69,5.514,0.00,0.00,0.00,0,0.00,0,0,0100
3640,62002,61,0.34,954.50,0.00,84.73,5.514,0.00,0.00,0.00,0,0.00,0,0,0100
3640,64000,63,0.14,954.52,0.00,84.82,5.408,0.00,0.00,0.00,0,0.00,0,0,0100
3640,66000,65,-0.25,954.57,0.00,84.91,5.508,0.00,0.00,0.00,0,0.00,0,0,0100
3640,67000,66,0.19,954.52,0.00,84.95,5.514,0.00,0.00,0.00,0,0.00,0,0,0100
3640,68001,67,0.00,954.54,0.00,82.41,5.520,0.00,0.00,0.00,0,0.00,0,0,0100
3640,69001,68,0.11,954.52,0.00,85.03,5.484,0.00,0.00,0.00,0,0.00,0,0,0100
3640,70000,69,0.37,954.49,0.00,85.07,5.508,0.00,0.00,0.00,0,0.00,0,0,0100
3640,72002,71,0.37,954.49,0.00,85.15,5.502,0.00,0.00,0.00,0,0.00,0,0,0100
3640,73001,72,0.10,954.53,0.00,85.20,5.508,0.00,0.00,0.00,0,0.00,0,0,0100
3640,74000,73,0.10,954.53,0.00,85.24,5.391,0.00,0.00,0.00,0,0.00,0,0,0100
3640,74999,74,0.08,954.53,0.00,85.28,5.408,0.00,0.00,0.00,0,0.00,0,0,0100
3640,75999,75,-0.19,954.56,0.00,85.32,5.420,0.00,0.00,0.00,0,0.00,0,0,0100
3640,77000,76,0.43,954.49,0.00,85.37,5.484,0.00,0.00,0.00,0,0.00,0,0,0100
3640,78000,77,0.06,954.53,0.00,85.40,5.502,0.00,0.00,0.00,0,0.00,0,0,0100
3640,80000,79,-0.26,954.57,0.00,85.49,5.396,0.00,0.00,0.00,0,0.00,0,0,0100
3640,81000,80,0.12,954.52,0.00,85.53,5.402,0.00,0.00,0.00,0,0.00,0,0,0100
3640,82001,81,0.00,954.54,0.00,82.41,5.496,0.00,0.00,0.00,0,0.00,0,0,0100
3640,83001,82,0.04,954.53,0.00,85.61,5.420,0.00,0.00,0.00,0,0.00,0,0,0100
3640,84001,83,0.09,954.53,0.00,85.64,5.479,0.00,0.00,0.00,0,0.00,0,0,0100
3640,85002,84,0.29,954.50,0.00,85.70,5.402,0.00,0.00,0.00,0,0.00,0,0,0100
3640,87000,86,0.00,954.54,2.82,82.41,5.490,0.00,0.00,0.00,0,0.00,0,0,0100
3640,88001,87,-0.06,954.54,0.00,85.80,5.402,0.00,0.00,0.00,0,0.00,0,0,0100
3640,89000,88,0.01,954.54,0.00,85.85,5.479,0.00,0.00,0.00,0,0.00,0,0,0100
3640,90001,89,0.22,954.51,0.00,85.89,5.502,0.00,0.00,0.00,0,0.00,0,0,0100
3640,91002,90,0.21,954.51,0.00,85.93,5.490,0.00,0.00,0.00,0,0.00,0,0,0100
3640,92000,91,0.09,954.53,0.00,85.97,5.484,0.00,0.00,0.00,0,0.00,0,0,0100
3640,93001,92,0.08,954.53,0.00,86.01,5.396,0.00,0.00,0.00,0,0.00,0,0,0100
3640,95001,94,0.04,954.53,0.00,86.09,5.484,0.00,0.00,0.00,0,0.00,0,0,0100
3640,96002,95,-0.30,954.57,0.00,86.14,5.414,0.00,0.00,0.00,0,0.00,0,0,0100
3640,96999,96,0.09,954.53,0.00,86.17,5.414,0.00,0.00,0.00,0,0.00,0,0,0100
3640,97999,97,-0.15,954.55,0.00,86.21,5.484,0.00,0.00,0.00,0,0.00,0,0,0100
3640,100001,99,0.39,954.49,0.00,86.30,5.385,0.00,0.00,0.00,0,0.00,0,0,0100
3640,101000,100,0.18,954.52,0.00,86.34,5.391,0.00,0.00,0.00,0,0.00,0,0,0100
3640,103002,102,0.00,954.54,0.00,82.41,5.496,0.00,0.00,0.00,0,0.00,0,0,0100
3640,104001,103,0.26,954.51,0.00,86.46,5.490,0.00,0.00,0.00,0,0.00,0,0,0100
3640,105001,104,0.50,954.48,0.00,86.51,5.449,0.00,0.00,0.00,0,0.00,0,0,0100
3640,106000,105,-0.03,954.54,0.00,86.54,5.484,0.00,0.00,0.00,0,0.00,0,0,0100
3640,107001,106,0.32,954.50,0.00,86.58,5.379,0.00,0.00,0.00,0,0.00,0,0,0100
3640,108001,107,0.11,954.52,0.00,86.62,5.391,0.00,0.00,0.00,0,0.00,0,0,0100
3640,109001,108,0.31,954.50,0.00,86.66,5.467,0.00,0.00,0.00,0,0.00,0,0,0100
3640,110000,109,0.63,954.46,0.00,86.70,5.396,0.00,0.00,0.00,0,0.00,0,0,0100
3640,111998,111,0.05,954.53,0.00,86.78,5.391,0.00,0.00,0.00,0,0.00,0,0,0100
3640,113001,112,-0.07,954.55,0.00,86.82,5.473,0.00,0.00,0.00,0,0.00,0,0,0100
3640,113999,113,0.32,954.50,0.00,86.86,5.367,0.00,0.00,0.00,0,0.00,0,0,0100
3640,115001,114,0.49,954.48,0.00,86.89,5.467,0.00,0.00,0.00,0,0.00,0,0,0100
3640,116002,115,0.54,954.47,0.00,86.93,5.391,0.00,0.00,0.00,0,0.00,0,0,0100
3640,117001,116,0.20,954.51,0.00,86.98,5.391,0.00,0.00,0.00,0,0.00,0,0,0100
3640,119001,118,0.20,954.51,0.00,87.06,5.373,0.00,0.00,0.00,0,0.00,0,0,0100
3640,121001,120,0.53,954.48,0.00,87.13,5.402,0.00,0.00,0.00,0,0.00,0,0,0100
3640,122000,121,0.43,954.49,0.00,87.17,5.479,0.00,0.00,0.00,0,0.00,0,0,0100
3640,122999,122,0.32,954.50,0.00,87.22,5.461,0.00,0.00,0.00,0,0.00,0,0,0100
3640,124002,123,0.00,954.54,0.00,82.41,5.473,0.00,0.00,0.00,0,0.00,0,0,0100
3640,125000,124,0.00,954.54,0.00,82.41,5.361,0.00,0.00,0.00,0,0.00,0,0,0100
3640,127000,126,0.40,954.49,0.00,87.37,5.443,0.00,0.00,0.00,0,0.00,0,0,0100
3640,128000,127,0.83,954.44,0.00,87.40,5.467,0.00,0.00,0.00,0,0.00,0,0,0100
3640,129001,128,0.54,954.48,0.00,87.45,5.432,0.00,0.00,0.00,0,0.00,0,0,0100
3640,130000,129,0.94,954.43,0.00,87.49,5.432,0.00,0.00,0.00,0,0.00,0,0,0100
3640,131000,130,0.75,954.45,0.00,87.53,5.367,0.00,0.00,0.00,0,0.00,0,0,0100
3640,132001,131,1.02,954.42,0.00,87.58,5.350,0.00,0.00,0.00,0,0.00,0,0,0100
3640,133000,132,0.90,954.43,0.00,87.61,5.420,0.00,0.00,0.00,0,0.00,0,0,0100
3640,135000,134,0.67,954.46,0.00,87.71,5.420,0.00,0.00,0.00,0,0.00,0,0,0100
3640,136001,135,1.05,954.42,0.00,87.74,5.338,0.00,0.00,0.00,0,0.00,0,0,0100
3640,6001,5,-0.38,954.52,0.00,88.09,5.490,0.00,0.00,0.00,0,0.00,0,0,0100
3640,8000,7,-0.10,954.48,0.00,88.17,5.385,0.00,0.00,0.00,0,0.00,0,0,0100
3640,9001,8,0.19,954.45,0.00,88.21,5.367,0.00,0.00,0.00,0,0.00,0,0,0100
3640,10001,9,0.19,954.45,0.00,88.25,5.402,0.00,0.00,0.00,0,0.00,0,0,0100
3640,12000,11,-0.15,954.49,0.00,88.33,5.402,0.00,0.00,0.00,0,0.00,0,0,0100
3640,13000,12,0.21,954.45,0.00,88.36,5.355,0.00,0.00,0.00,0,0.00,0,0,0100
3640,14000,13,0.01,954.47,0.00,88.41,5.361,0.00,0.00,0.00,0,0.00,0,0,0100
3640,15001,14,0.17,954.45,0.00,88.44,5.338,0.00,0.00,0.00,0,0.00,0,0,0100
3640,16000,15,0.02,954.47,0.00,88.48,5.461,0.00,0.00,0.00,0,0.00,0,0,0100
3640,16999,16,-0.20,954.50,0.00,88.51,5.461,0.00,0.00,0.00,0,0.00,0,0,0100
3640,18000,17,-0.19,954.49,0.00,88.56,5.344,0.00,0.00,0.00,0,0.00,0,0,0100
3640,19001,18,0.07,954.46,0.00,88.59,5.449,0.00,0.00,0.00,0,0.00,0,0,0100
3640,21001,20,0.06,954.46,0.00,88.66,5.455,0.00,0.00,0.00,0,0.00,0,0,0100
3640,22002,21,0.23,954.45,0.00,88.70,5.367,0.00,0.00,0.00,0,0.00,0,0,0100
3640,23000,22,0.19,954.45,0.00,88.73,5.379,0.00,0.00,0.00,0,0.00,0,0,0100
3640,24000,23,0.26,954.44,0.00,88.78,5.414,0.00,0.00,0.00,0,0.00,0,0,0100
3640,25000,24,0.04,954.47,0.00,88.81,5.414,0.00,0.00,0.00,0,0.00,0,0,0100
3640,27000,26,-0.03,954.48,0.00,88.87,5.420,0.00,0.00,0.00,0,0.00,0,0,0100
3640,28001,27,0.15,954.46,0.00,88.91,5.455,0.00,0.00,0.00,0,0.00,0,0,0100
3640,29000,28,0.03,954.47,0.00,88.94,5.420,0.00,0.00,0.00,0,0.00,0,0,0100
3640,30001,29,0.21,954.45,0.00,88.97,5.426,0.00,0.00,0.00,0,0.00,0,0,0100
3640,31000,30,-0.09,954.48,0.00,89.01,5.426,0.00,0.00,0.00,0,0.00,0,0,0100
3640,33000,32,0.08,954.46,0.00,89.08,5.332,0.00,0.00,0.00,0,0.00,0,0,0100
3640,33999,33,-0.05,954.48,0.00,89.12,5.332,0.00,0.00,0.00,0,0.00,0,0,0100
3640,35999,35,-0.28,954.50,0.00,89.20,5.420,0.00,0.00,0.00,0,0.00,0,0,0100
3640,37000,36,-0.53,954.53,0.00,89.24,5.391,0.00,0.00,0.00,0,0.00,0,0,0100
3640,37999,37,0.16,954.45,0.00,89.27,5.420,0.00,0.00,0.00,0,0.00,0,0,0100
3640,39002,38,-0.34,954.51,0.00,89.30,5.391,0.00,0.00,0.00,0,0.00,0,0,0100
3640,40001,39,-0.03,954.48,0.00,89.34,5.338,0.00,0.00,0.00,0,0.00,0,0,0100
3640,6001,5,0.60,954.39,0.00,88.00,5.496,0.00,0.00,0.00,0,0.00,0,0,0100
3640,8001,7,0.72,954.38,0.00,88.08,5.514,0.00,0.00,0.00,0,0.00,0,0,0100
3640,10000,9,0.61,954.39,0.00,88.16,5.479,0.00,0.00,0.00,0,0.00,0,0,0100
3640,11002,10,0.45,954.41,0.00,88.21,5.461,0.00,0.00,0.00,0,0.00,0,0,0100
3640,12000,11,0.35,954.42,0.00,88.25,5.502,0.00,0.00,0.00,0,0.00,0,0,0100
3640,13001,12,0.13,954.45,0.00,88.29,5.455,0.00,0.00,0.00,0,0.00,0,0,0100
3640,14001,13,0.31,954.42,0.00,88.32,5.455,0.00,0.00,0.00,0,0.00,0,0,0100
3640,15998,15,0.33,954.42,0.00,88.40,5.396,0.00,0.00,0.00,0,0.00,0,0,0100
3640,17001,16,0.87,954.36,0.00,88.44,5.402,0.00,0.00,0.00,0,0.00,0,0,0100
3640,18000,17,0.64,954.39,0.00,88.47,5.367,0.00,0.00,0.00,0,0.00,0,0,0100
3640,19002,18,1.00,954.35,0.00,88.50,5.367,0.00,0.00,0.00,0,0.00,0,0,0100
3640,21001,20,0.35,954.42,0.00,88.58,5.443,0.00,0.00,0.00,0,0.00,0,0,0100
3640,22000,21,0.61,954.39,0.00,88.61,5.479,0.00,0.00,0.00,0,0.00,0,0,0100
3640,23000,22,0.85,954.36,0.00,88.65,5.432,0.00,0.00,0.00,0,0.00,0,0,0100
3640,25000,24,0.46,954.41,0.00,88.72,5.408,0.00,0.00,0.00,0,0.00,0,0,0100
3640,6001,5,0.00,954.37,0.00,86.71,5.543,0.00,0.00,0.00,0,0.00,0,0,0100
3640,7000,6,-0.26,954.40,0.00,86.96,5.531,0.00,0.00,0.00,0,0.00,0,0,0100
3640,8001,7,-0.21,954.39,0.00,87.01,5.496,0.00,0.00,0.00,0,0.00,0,0,0100
3640,10000,9,0.00,954.37,0.00,86.71,5.520,0.00,0.00,0.00,0,0.00,0,0,0100
3640,11000,10,0.00,954.37,0.00,86.71,5.502,0.00,0.00,0.00,0,0.00,0,0,0100
3640,12002,11,0.00,954.37,0.00,86.71,5.502,0.00,0.00,0.00,0,0.00,0,0,0100
3640,13000,12,0.08,954.36,0.00,87.22,5.449,0.00,0.00,0.00,0,0.00,0,0,0100
3640,14002,13,-0.42,954.42,0.00,87.26,5.473,0.00,0.00,0.00,0,0.00,0,0,0100
3640,15001,14,-0.22,954.40,41.78,87.30,5.502,0.00,0.00,0.00,0,0.00,0,0,0100
3640,17001,16,-0.12,954.39,0.00,87.37,5.455,0.00,0.00,0.00,0,0.00,0,0,0100
3640,19000,18,-0.20,954.39,0.00,87.46,5.461,0.00,0.00,0.00,0,0.00,0,0,0100
3640,20001,19,0.06,954.36,0.00,87.49,5.496,0.00,0.00,0.00,0,0.00,0,0,0100
3640,21000,20,0.05,954.37,0.00,87.53,5.461,0.00,0.00,0.00,0,0.00,0,0,0100
3640,22000,21,-0.08,954.38,0.00,87.57,5.496,0.00,0.00,0.00,0,0.00,0,0,0100
3640,23002,22,-0.14,954.39,0.00,87.60,5.496,0.00,0.00,0.00,0,0.00,0,0,0100
3640,25001,24,0.00,954.37,0.00,86.71,5.455,0.00,0.00,0.00,0,0.00,0,0,0100
3640,26001,25,0.03,954.37,0.00,87.71,5.490,0.00,0.00,0.00,0,0.00,0,0,0100
3640,27999,27,-0.12,954.38,0.00,87.79,5.496,0.00,0.00,0.00,0,0.00,0,0,0000
3640,29001,28,0.35,954.33,0.00,87.82,5.484,0.00,0.00,0.00,0,0.00,0,0,0000
3640,29999,29,0.23,954.34,0.00,87.86,5.449,0.00,0.00,0.00,0,0.00,0,0,0000
3640,31002,30,0.33,954.33,0.00,87.89,5.496,0.00,0.00,0.00,0,0.00,0,0,0000
3640,32001,31,0.10,954.36,0.00,87.93,5.432,0.00,0.00,0.00,0,0.00,0,0,0000
3640,33999,33,0.07,954.36,0.00,88.00,5.473,0.00,0.00,0.00,0,0.00,0,0,0000
3640,35000,34,0.01,954.37,0.00,88.04,5.484,0.00,0.00,0.00,0,0.00,0,0,0000
3640,36000,35,0.60,954.30,0.00,88.08,5.479,0.00,0.00,0.00,0,0.00,0,0,0000
3640,37001,36,0.00,954.37,0.00,86.71,5.438,0.00,0.00,0.00,0,0.00,0,0,0000
3640,38001,37,0.28,954.34,0.00,88.14,5.461,0.00,0.00,0.00,0,0.00,0,0,0000
3640,39000,38,0.12,954.36,0.00,88.18,5.473,0.00,0.00,0.00,0,0.00,0,0,0000
3640,40000,39,-0.01,954.37,0.00,88.21,5.461,0.00,0.00,0.00,0,0.00,0,0,0000
3640,41000,40,0.19,954.35,0.00,88.25,5.461,0.00,0.00,0.00,0,0.00,0,0,0000
3640,43001,42,0.26,954.34,0.00,88.32,5.473,0.00,0.00,0.00,0,0.00,0,0,0000
3640,44002,43,0.12,954.36,0.00,88.35,5.455,0.00,0.00,0.00,0,0.00,0,0,0000
3640,45001,44,0.09,954.36,0.00,88.38,5.443,0.00,0.00,0.00,0,0.00,0,0,0000
3640,46000,45,-0.07,954.38,0.00,88.42,5.443,0.00,0.00,0.00,0,0.00,0,0,0000
3640,47000,46,-0.27,954.40,0.00,88.46,5.438,0.00,0.00,0.00,0,0.00,0,0,0000
3640,48000,47,-0.06,954.38,0.00,88.49,5.467,0.00,0.00,0.00,0,0.00,0,0,0000
3640,48999,48,-0.15,954.39,0.00,88.52,5.473,0.00,0.00,0.00,0,0.00,0,0,0000
3640,51000,50,0.13,954.36,0.00,88.59,5.420,0.00,0.00,0.00,0,0.00,0,0,0000
3640,52000,51,0.25,954.34,0.00,88.62,5.438,0.00,0.00,0.00,0,0.00,0,0,0000
3640,53001,52,0.23,954.34,0.00,88.66,5.426,0.00,0.00,0.00,0,0.00,0,0,0000
3640,54001,53,0.02,954.37,0.00,88.70,5.455,0.00,0.00,0.00,0,0.00,0,0,0000
3640,55000,54,0.24,954.34,0.00,88.73,5.426,0.00,0.00,0.00,0,0.00,0,0,0000
3640,56000,55,0.40,954.33,0.00,88.76,5.426,0.00,0.00,0.00,0,0.00,0,0,0000
3640,57000,56,-0.13,954.39,0.00,88.80,5.455,0.00,0.00,0.00,0,0.00,0,0,0000
3640,59001,58,0.27,954.34,0.00,88.87,5.455,0.00,0.00,0.00,0,0.00,0,0,0000
3640,60002,59,0.25,954.34,0.00,88.90,5.461,0.00,0.00,0.00,0,0.00,0,0,0000
3640,61002,60,0.17,954.35,0.00,88.93,5.426,0.00,0.00,0.00,0,0.00,0,0,0000
3640,62000,61,-0.03,954.37,0.00,88.97,5.432,0.00,0.00,0.00,0,0.00,0,0,0000
3640,63002,62,0.00,954.37,0.00,86.71,5.443,0.00,0.00,0.00,0,0.00,0,0,0000
3640,64000,63,0.09,954.36,0.00,89.05,5.443,0.00,0.00,0.00,0,0.00,0,0,0000
3640,65000,64,0.27,954.34,0.00,89.09,5.449,0.00,0.00,0.00,0,0.00,0,0,0000
3640,67002,66,-0.33,954.41,0.00,89.16,5.426,0.00,0.00,0.00,0,0.00,0,0,0000
3640,68000,67,-0.14,954.39,0.00,89.19,5.449,0.00,0.00,0.00,0,0.00,0,0,0000
3640,69000,68,0.04,954.37,0.00,89.23,5.414,0.00,0.00,0.00,0,0.00,0,0,0000
3640,70001,69,-0.43,954.42,0.00,89.26,5.461,0.00,0.00,0.00,0,0.00,0,0,0000
3640,70999,70,-0.52,954.43,0.00,89.30,5.420,0.00,0.00,0.00,0,0.00,0,0,0000
3640,72000,71,-0.43,954.42,0.00,89.34,5.438,0.00,0.00,0.00,0,0.00,0,0,0000
3640,74001,73,0.00,954.37,28.23,86.71,5.438,0.00,0.00,0.00,0,0.00,0,0,0000
3640,75999,75,-0.16,954.39,41.40,89.46,5.438,0.00,0.00,0.00,0,0.00,0,0,0000
3640,77001,76,-0.02,954.37,41.01,89.49,5.414,0.00,0.00,0.00,0,0.00,0,0,0000
3640,78001,77,-0.18,954.39,37.78,89.53,5.414,0.00,0.00,0.00,0,0.00,0,0,0000
3640,79001,78,-0.15,954.39,38.09,89.56,5.443,0.00,0.00,0.00,0,0.00,0,0,0000
3640,80001,79,0.13,954.36,39.02,89.60,5.438,0.00,0.00,0.00,0,0.00,0,0,0000
3640,82002,81,-0.44,954.42,41.59,89.67,5.432,0.00,0.00,0.00,0,0.00,0,0,0000
3640,83002,82,-0.62,954.44,41.97,89.71,5.438,0.00,0.00,0.00,0,0.00,0,0,0000
3640,84000,83,0.03,954.37,41.97,89.74,5.414,0.00,0.00,0.00,0,0.00,0,0,0000
3640,85000,84,-0.02,954.37,42.35,89.77,5.432,0.00,0.00,0.00,0,0.00,0,0,0000
3640,86002,85,-0.23,954.40,42.45,89.80,5.420,0.00,0.00,0.00,0,0.00,0,0,0000
3640,87001,86,-0.19,954.39,42.45,89.84,5.438,0.00,0.00,0.00,0,0.00,0,0,0000
3640,89001,88,-0.14,954.39,42.07,89.91,5.438,0.00,0.00,0.00,0,0.00,0,0,0000
3640,90001,89,-0.15,954.39,40.43,89.93,5.402,0.00,0.00,0.00,0,0.00,0,0,0000
3640,91000,90,-0.10,954.38,35.60,89.97,5.396,0.00,0.00,0.00,0,0.00,0,0,0000
3640,92001,91,-0.39,954.42,27.95,90.01,5.443,0.00,0.00,0.00,0,0.00,0,0,0000
3640,92999,92,-0.07,954.38,0.00,90.03,5.432,0.00,0.00,0.00,0,0.00,0,0,0000
3640,94001,93,0.00,954.37,0.00,86.71,5.414,0.00,0.00,0.00,0,0.00,0,0,0000
3640,96000,95,0.05,954.37,0.00,90.14,5.420,0.00,0.00,0.00,0,0.00,0,0,0000
3640,97000,96,-0.06,954.38,0.00,90.18,5.426,0.00,0.00,0.00,0,0.00,0,0,0000
3640,98000,97,-0.29,954.40,0.00,90.21,5.426,0.00,0.00,0.00,0,0.00,0,0,0000
3640,99000,98,0.08,954.36,0.00,90.23,5.396,0.00,0.00,0.00,0,0.00,0,0,0000
3640,100000,99,-0.34,954.41,0.00,90.27,5.438,0.00,0.00,0.00,0,0.00,0,0,0000
3640,101002,100,0.15,954.35,0.00,90.30,5.391,0.00,0.00,0.00,0,0.00,0,0,0000
3640,102000,101,0.00,954.37,0.00,86.71,5.432,0.00,0.00,0.00,0,0.00,0,0,0000
3640,104001,103,-0.07,954.38,0.00,90.40,5.438,0.00,0.00,0.00,0,0.00,0,0,0000
3640,105001,104,-0.09,954.38,0.00,90.44,5.402,0.00,0.00,0.00,0,0.00,0,0,0000
3640,106000,105,0.12,954.36,0.00,90.47,5.396,0.00,0.00,0.00,0,0.00,0,0,0000
3640,107001,106,0.47,954.32,0.00,90.50,5.391,0.00,0.00,0.00,0,0.00,0,0,0000
3640,108000,107,-0.05,954.38,0.00,90.54,5.396,0.00,0.00,0.00,0,0.00,0,0,0000
3640,109001,108,0.11,954.36,0.00,90.57,5.391,0.00,0.00,0.00,0,0.00,0,0,0000
3640,111000,110,-0.23,954.40,0.00,90.63,5.391,0.00,0.00,0.00,0,0.00,0,0,0000
3640,111998,111,0.30,954.34,0.00,90.66,5.396,0.00,0.00,0.00,0,0.00,0,0,0000
3640,113000,112,-0.03,954.37,0.00,90.70,5.402,0.00,0.00,0.00,0,0.00,0,0,0000
3640,114000,113,0.00,954.37,0.00,86.71,5.391,0.00,0.00,0.00,0,0.00,0,0,0000
3640,115002,114,-0.02,954.37,0.00,90.76,5.391,0.00,0.00,0.00,0,0.00,0,0,0000
3640,116002,115,0.06,954.36,0.00,90.79,5.432,0.00,0.00,0.00,0,0.00,0,0,0000
3640,117000,116,-0.02,954.37,0.00,90.83,5.391,0.00,0.00,0.00,0,0.00,0,0,0000
3640,119000,118,0.11,954.36,0.00,90.89,5.438,0.00,0.00,0.00,0,0.00,0,0,0000
3640,120000,119,0.26,954.34,0.00,90.92,5.414,0.00,0.00,0.00,0,0.00,0,0,0000
3640,121000,120,0.37,954.33,0.00,90.96,5.385,0.00,0.00,0.00,0,0.00,0,0,0000
3640,122001,121,0.41,954.32,0.00,90.99,5.391,0.00,0.00,0.00,0,0.00,0,0,0000
3640,123001,122,0.61,954.30,0.00,91.02,5.420,0.00,0.00,0.00,0,0.00,0,0,0000
3640,124001,123,0.00,954.37,0.00,86.71,5.391,0.00,0.00,0.00,0,0.00,0,0,0000
3640,125001,124,0.43,954.32,0.00,91.09,5.391,0.00,0.00,0.00,0,0.00,0,0,0000
3640,127001,126,0.21,954.35,0.00,91.15,5.414,0.00,0.00,0.00,0,0.00,0,0,0000
3640,128001,127,0.49,954.31,0.00,91.18,5.396,0.00,0.00,0.00,0,0.00,0,0,0000
3640,128999,128,0.55,954.31,0.00,91.22,5.379,0.00,0.00,0.00,0,0.00,0,0,0000
3640,130000,129,0.47,954.32,0.00,91.25,5.391,0.00,0.00,0.00,0,0.00,0,0,0000
3640,131000,130,0.13,954.36,0.00,91.29,5.420,0.00,0.00,0.00,0,0.00,0,0,0000
3640,132000,131,0.04,954.37,0.00,91.32,5.391,0.00,0.00,0.00,0,0.00,0,0,0000
3640,133001,132,0.38,954.33,0.00,91.35,5.402,0.00,0.00,0.00,0,0.00,0,0,0000
3640,134001,133,0.02,954.37,0.00,91.38,5.402,0.00,0.00,0.00,0,0.00,0,0,0000
3640,136000,135,0.00,954.37,0.00,86.71,5.420,0.00,0.00,0.00,0,0.00,0,0,0000
3640,137003,136,0.23,954.35,0.00,91.47,5.367,0.00,0.00,0.00,0,0.00,0,0,0000
3640,138000,137,0.09,954.36,0.00,91.51,5.373,0.00,0.00,0.00,0,0.00,0,0,0000
3640,139001,138,0.18,954.35,0.00,91.55,5.367,0.00,0.00,0.00,0,0.00,0,0,0000
3640,140000,139,-0.03,954.37,0.00,91.58,5.396,0.00,0.00,0.00,0,0.00,0,0,0000
3640,141000,140,0.00,954.37,0.00,86.71,5.402,0.00,0.00,0.00,0,0.00,0,0,0000
3640,142000,141,0.04,954.37,0.00,91.64,5.367,0.00,0.00,0.00,0,0.00,0,0,0000
3640,145000,144,0.09,954.36,0.00,91.73,5.361,0.00,0.00,0.00,0,0.00,0,0,0000
3640,146000,145,0.12,954.36,0.00,91.77,5.391,0.00,0.00,0.00,0,0.00,0,0,0000
3640,147000,146,-0.09,954.38,0.00,91.80,5.385,0.00,0.00,0.00,0,0.00,0,0,0000
3640,148001,147,-0.11,954.38,0.00,91.83,5.367,0.00,0.00,0.00,0,0.00,0,0,0000
3640,149001,148,-0.14,954.39,0.00,91.86,5.391,0.00,0.00,0.00,0,0.00,0,0,0000
3640,150000,149,-0.38,954.41,0.00,91.90,5.385,0.00,0.00,0.00,0,0.00,0,0,0000
3640,152002,151,-0.44,954.42,0.00,91.97,5.355,0.00,0.00,0.00,0,0.00,0,0,0000
3640,153000,152,-0.26,954.40,0.00,91.99,5.361,0.00,0.00,0.00,0,0.00,0,0,0000
3640,153999,153,-0.09,954.38,0.00,92.02,5.402,0.00,0.00,0.00,0,0.00,0,0,0000
3640,155001,154,-0.22,954.40,0.00,92.06,5.385,0.00,0.00,0.00,0,0.00,0,0,0000
3640,156000,155,-0.55,954.43,0.00,92.09,5.355,0.00,0.00,0.00,0,0.00,0,0,0000
3640,157001,156,-0.71,954.45,0.00,92.12,5.391,0.00,0.00,0.00,0,0.00,0,0,0000
3640,158000,157,-0.78,954.46,0.00,92.15,5.355,0.00,0.00,0.00,0,0.00,0,0,0000
3640,160001,159,-0.68,954.45,0.00,92.21,5.373,0.00,0.00,0.00,0,0.00,0,0,0000
3640,161002,160,-0.88,954.47,0.00,92.24,5.396,0.00,0.00,0.00,0,0.00,0,0,0000
3640,162000,161,-0.56,954.43,0.00,92.27,5.385,0.00,0.00,0.00,0,0.00,0,0,0000
3640,163000,162,-0.68,954.45,0.00,92.30,5.361,0.00,0.00,0.00,0,0.00,0,0,0000
3640,164000,163,-0.64,954.44,0.00,92.33,5.367,0.00,0.00,0.00,0,0.00,0,0,0000
3640,165002,164,-0.66,954.45,0.00,92.37,5.385,0.00,0.00,0.00,0,0.00,0,0,0000
3640,166000,165,-0.26,954.40,0.00,92.39,5.367,0.00,0.00,0.00,0,0.00,0,0,0000
3640,166999,166,-0.54,954.43,0.00,92.43,5.379,0.00,0.00,0.00,0,0.00,0,0,0000
3640,6000,5,-0.13,954.00,0.00,84.66,5.537,0.00,0.00,0.00,0,0.00,0,0,0000
3640,7001,6,0.29,953.95,0.00,84.71,5.531,0.00,0.00,0.00,0,0.00,0,0,0000
3640,8001,7,-0.01,953.98,0.00,84.76,5.531,0.00,0.00,0.00,0,0.00,0,0,0000
3640,10000,9,0.00,953.98,0.00,84.45,5.520,0.00,0.00,0.00,0,0.00,0,0,0100
3640,11000,10,0.24,953.95,0.00,84.89,5.379,0.00,0.00,0.00,0,0.00,0,0,0100
3640,13000,12,0.05,953.98,0.00,84.98,5.473,0.00,0.00,0.00,0,0.00,0,0,0100
3640,14000,13,0.00,953.98,0.00,84.45,5.408,0.00,0.00,0.00,0,0.00,0,0,0100
3640,15000,14,0.36,953.94,0.00,85.06,5.496,0.00,0.00,0.00,0,0.00,0,0,0100
3640,16000,15,0.35,953.94,0.00,85.10,5.490,0.00,0.00,0.00,0,0.00,0,0,0100
3640,17001,16,0.38,953.94,0.00,85.15,5.373,0.00,0.00,0.00,0,0.00,0,0,0100
3640,19000,18,-0.03,953.98,0.00,85.22,5.391,0.00,0.00,0.00,0,0.00,0,0,0000
3640,20000,19,-0.35,954.02,0.00,85.27,5.484,0.00,0.00,0.00,0,0.00,0,0,0000
3640,21000,20,0.09,953.97,0.00,85.31,5.479,0.00,0.00,0.00,0,0.00,0,0,0000
3640,23001,22,0.07,953.97,0.00,85.40,5.473,0.00,0.00,0.00,0,0.00,0,0,0000
3640,24000,23,0.30,953.95,0.00,85.44,5.355,0.00,0.00,0.00,0,0.00,0,0,0000
3640,25001,24,0.59,953.91,0.00,85.47,5.367,0.00,0.00,0.00,0,0.00,0,0,0000
3640,27001,26,0.02,953.98,0.00,85.55,5.473,0.00,0.00,0.00,0,0.00,0,0,0000
3640,29000,28,0.29,953.95,0.00,85.64,5.438,0.00,0.00,0.00,0,0.00,0,0,0000
3640,30001,29,0.35,953.94,0.00,85.68,5.461,0.00,0.00,0.00,0,0.00,0,0,0000
3640,32000,31,0.00,953.98,0.00,84.45,5.461,0.00,0.00,0.00,0,0.00,0,0,0000
3640,34000,32,-0.08,953.99,0.00,85.83,5.455,0.00,0.00,0.00,0,0.00,0,0,0000
3640,35001,33,0.37,953.94,0.00,85.88,5.367,0.00,0.00,0.00,0,0.00,0,0,0000
3640,37001,34,0.01,953.98,0.00,85.96,5.344,0.00,0.00,0.00,0,0.00,0,0,0000
3640,38000,35,-0.02,953.98,0.00,85.99,5.367,0.00,0.00,0.00,0,0.00,0,0,0000
3640,39000,36,0.25,953.95,0.00,86.04,5.355,0.00,0.00,0.00,0,0.00,0,0,0000
3640,41000,38,0.39,953.94,0.00,86.11,5.443,0.00,0.00,0.00,0,0.00,0,0,0000
3640,42000,39,0.00,953.98,0.00,84.45,5.420,0.00,0.00,0.00,0,0.00,0,0,0000
3640,43002,40,0.51,953.92,0.00,86.19,5.344,0.00,0.00,0.00,0,0.00,0,0,0000
3640,44000,41,0.33,953.94,0.00,86.23,5.373,0.00,0.00,0.00,0,0.00,0,0,0000
3640,47000,43,0.00,953.98,0.00,84.45,5.414,0.00,0.00,0.00,0,0.00,0,0,0000
3640,49001,45,0.08,953.97,0.00,86.43,5.408,0.00,0.00,0.00,0,0.00,0,0,0000
3640,50001,46,0.30,953.95,0.00,86.47,5.402,0.00,0.00,0.00,0,0.00,0,0,0000
3640,51001,47,0.05,953.98,0.00,86.51,5.420,0.00,0.00,0.00,0,0.00,0,0,0000
3640,52001,48,0.00,953.98,0.00,84.45,5.438,0.00,0.00,0.00,0,0.00,0,0,0000
3640,53001,49,0.02,953.98,0.00,86.59,5.408,0.00,0.00,0.00,0,0.00,0,0,0000
3640,54000,50,0.06,953.97,0.00,86.63,5.449,0.00,0.00,0.00,0,0.00,0,0,0000
3640,55999,52,0.00,953.98,19.36,84.45,5.432,0.00,0.00,0.00,0,0.00,0,0,0000
3640,57000,53,0.54,953.92,0.00,86.75,5.420,0.00,0.00,0.00,0,0.00,0,0,0000
3640,59000,54,0.17,953.96,42.35,86.82,5.432,0.00,0.00,0.00,0,0.00,0,0,0000
3640,60000,55,0.14,953.97,0.00,86.86,5.449,0.00,0.00,0.00,0,0.00,0,0,0000
3640,62000,57,0.04,953.98,0.00,86.94,5.426,0.00,0.00,0.00,0,0.00,0,0,0100
3640,63001,58,0.17,953.96,0.00,86.98,5.332,0.00,0.00,0.00,0,0.00,0,0,0100
3640,64000,59,0.00,953.98,0.00,84.45,5.332,0.00,0.00,0.00,0,0.00,0,0,0100
3640,64999,60,0.26,953.95,0.00,87.05,5.326,0.00,0.00,0.00,0,0.00,0,0,0100
3640,66000,61,0.51,953.92,0.00,87.08,5.338,0.00,0.00,0.00,0,0.00,0,0,0100
3640,67999,63,0.32,953.95,0.00,87.17,5.408,0.00,0.00,0.00,0,0.00,0,0,0100
3640,69002,64,0.08,953.97,0.00,87.20,5.402,0.00,0.00,0.00,0,0.00,0,0,0100
3640,71000,66,0.40,953.94,0.00,87.27,5.379,0.00,0.00,0.00,0,0.00,0,0,0100
3640,73000,68,0.41,953.93,12.31,87.35,5.385,0.00,0.00,0.00,0,0.00,0,0,0100
3640,74000,69,0.47,953.93,0.00,87.39,5.396,0.00,0.00,0.00,0,0.00,0,0,0100
3640,75000,70,0.28,953.95,37.24,87.43,5.402,0.00,0.00,0.00,0,0.00,0,0,0100
3640,76001,71,0.29,953.95,29.34,87.47,5.385,0.00,0.00,0.00,0,0.00,0,0,0100
3640,77000,72,0.45,953.93,0.00,87.51,5.385,0.00,0.00,0.00,0,0.00,0,0,0100
3640,79000,73,0.14,953.97,0.00,87.58,5.367,0.00,0.00,0.00,0,0.00,0,0,0100
3640,80000,74,0.32,953.95,0.00,87.62,5.379,0.00,0.00,0.00,0,0.00,0,0,0100
3640,81000,75,0.35,953.94,2.82,87.66,5.373,0.00,0.00,0.00,0,0.00,0,0,0100
3640,82001,76,0.22,953.96,26.18,87.70,5.367,0.00,0.00,0.00,0,0.00,0,0,0100
3640,83000,77,0.33,953.94,36.27,87.73,5.402,0.00,0.00,0.00,0,0.00,0,0,0100
3640,84002,78,0.31,953.95,0.00,87.77,5.373,0.00,0.00,0.00,0,0.00,0,0,0100
3640,6001,5,0.00,953.94,0.00,88.18,5.432,0.00,0.00,0.00,0,0.00,0,0,0100
3640,9000,8,0.09,953.93,0.00,88.46,5.402,0.00,0.00,0.00,0,0.00,0,0,0100
3640,10000,9,-0.17,953.96,0.00,88.49,5.426,0.00,0.00,0.00,0,0.00,0,0,0100
3640,6000,5,-0.08,953.97,0.00,88.39,5.420,0.00,0.00,0.00,0,0.00,0,0,0100
3640,7000,6,0.26,953.93,0.00,88.43,5.408,0.00,0.00,0.00,0,0.00,0,0,0100
3640,8002,7,0.00,953.96,0.00,88.47,5.332,0.00,0.00,0.00,0,0.00,0,0,0100
3640,10000,9,0.14,953.95,0.00,88.56,5.320,0.00,0.00,0.00,0,0.00,0,0,0100
3640,12000,10,0.15,953.95,0.00,88.66,5.338,0.00,0.00,0.00,0,0.00,0,0,0100
3640,13001,11,-0.10,953.97,0.00,88.70,5.402,0.00,0.00,0.00,0,0.00,0,0,0100
3640,14001,12,0.17,953.94,36.81,88.73,5.408,0.00,0.00,0.00,0,0.00,0,0,0100
3640,15001,13,0.42,953.91,0.00,88.77,5.414,0.00,0.00,0.00,0,0.00,0,0,0100
3640,16001,14,0.06,953.96,0.00,88.82,5.402,0.00,0.00,0.00,0,0.00,0,0,0100
3640,17000,15,0.30,953.93,0.00,88.86,5.420,0.00,0.00,0.00,0,0.00,0,0,0100
3640,19000,17,0.42,953.91,0.00,88.93,5.396,0.00,0.00,0.00,0,0.00,0,0,0100
3640,20000,18,0.00,953.96,0.00,88.98,5.385,0.00,0.00,0.00,0,0.00,0,0,0100
3640,21001,19,0.05,953.96,0.00,89.01,5.373,0.00,0.00,0.00,0,0.00,0,0,0100
3640,22001,20,0.39,953.92,0.00,89.05,5.373,0.00,0.00,0.00,0,0.00,0,0,0100
3640,23000,21,0.70,953.88,0.00,89.08,5.396,0.00,0.00,0.00,0,0.00,0,0,0100
3640,24000,22,0.28,953.93,0.00,89.13,5.367,0.00,0.00,0.00,0,0.00,0,0,0100
3640,25001,23,0.38,953.92,35.60,89.18,5.396,0.00,0.00,0.00,0,0.00,0,0,0100
3640,27000,25,0.00,953.96,33.76,88.19,5.385,0.00,0.00,0.00,0,0.00,0,0,0100
3640,28001,26,0.45,953.91,33.65,89.29,5.402,0.00,0.00,0.00,0,0.00,0,0,0100
3640,29000,27,0.42,953.91,33.65,89.33,5.361,0.00,0.00,0.00,0,0.00,0,0,0100
3640,30000,28,0.29,953.93,34.00,89.36,5.373,0.00,0.00,0.00,0,0.00,0,0,0100
3640,31000,29,0.30,953.93,32.44,89.41,5.396,0.00,0.00,0.00,0,0.00,0,0,0100
3640,32001,30,0.51,953.90,31.69,89.44,5.367,0.00,0.00,0.00,0,0.00,0,0,0100
3640,33000,31,0.32,953.93,0.00,89.47,5.385,0.00,0.00,0.00,0,0.00,0,0,0100
3640,35000,32,0.49,953.91,0.00,89.54,5.373,0.00,0.00,0.00,0,0.00,0,0,0100
3640,36999,33,0.07,953.95,0.00,89.61,5.373,0.00,0.00,0.00,0,0.00,0,0,0100
